#x  y
0 2999.17
1 2999.55
2 2999.9
3 3000.2
4 3000.46
5 3000.68
6 3000.84
7 3000.96
8 3001.02
9 3001.04
10 3001
11 3000.91
12 3000.78
13 3000.6
14 3000.38
15 3000.11
16 2999.8
17 2999.46
18 2999.08
19 2998.68
20 2998.25
21 2997.93
22 2997.93
23 2997.91
24 2997.88
25 2997.83
26 2997.76
27 2997.67
28 2997.57
29 2997.44
30 2997.88
31 2998.72
32 2999.54
33 3000.32
34 3001.06
35 3001.76
36 3001.95
37 3001.8
38 3001.6
39 3001.34
40 3001.04
41 3000.67
42 3000.26
43 2999.79
44 2999.26
45 2998.69
46 2998.08
47 2997.42
48 2997.07
49 2996.83
50 2996.56
51 2996.25
52 2995.92
53 2995.56
54 2995.19
55 2994.8
56 2994.41
57 2994.54
58 2995.09
59 2995.62
60 2996.15
61 2996.84
62 2997.65
63 2998.15
64 2998.56
65 2998.66
66 2999.98
67 3001.41
68 3002.81
69 3003.71
70 3004.32
71 3004.88
72 3005.38
73 3005.83
74 3006.22
75 3006.54
76 3006.8
77 3006.98
78 3007.1
79 3007.15
80 3007.12
81 3007.03
82 3006.86
83 3006.62
84 3005.32
85 3003.96
86 3002.55
87 3001.09
88 2999.59
89 2998.05
90 2996.49
91 2994.91
92 2993.32
93 2992.94
94 2992.76
95 2992.58
96 2992.4
97 2992.22
98 2992.05
99 2991.88
100 2991.71
101 2991.7
102 2992.53
103 2993.37
104 2994.19
105 2995.01
106 2995.8
107 2996.56
108 2997.29
109 2997.98
110 2998.63
111 2999.23
112 2999.79
113 3000.28
114 3000.72
115 3001.1
116 3001.38
117 3000.92
118 3000.41
119 2999.98
120 2999.84
121 2999.65
122 2999.41
123 2999.12
124 2998.79
125 2998.42
126 2998.01
127 2997.58
128 2997.25
129 2997.71
130 2998.14
131 2998.27
132 2997.91
133 2997.54
134 2997.14
135 2996.73
136 2996.3
137 2996.29
138 2996.84
139 2997.37
140 2997.87
141 2998.35
142 2998.8
143 2999.22
144 2999.6
145 2999.94
146 3000.24
147 3000.5
148 3000.7
149 3000.86
150 3000.97
151 3001.03
152 3001.03
153 3000.99
154 3000.9
155 3000.76
156 3000.57
157 3000.34
158 3000.07
159 2999.75
160 2999.41
161 2999.03
162 2998.62
163 2998.18
164 2997.93
165 2997.93
166 2997.91
167 2997.87
168 2997.82
169 2997.75
170 2997.66
171 2997.55
172 2997.43
173 2998
174 2998.84
175 2999.65
176 3000.43
177 3001.16
178 3001.86
179 3001.93
180 3001.77
181 3001.57
182 3001.3
183 3000.99
184 3000.62
185 3000.19
186 2999.71
187 2999.19
188 2998.61
189 2997.98
190 2997.32
191 2997.04
192 2996.79
193 2996.51
194 2996.2
195 2995.87
196 2995.51
197 2995.14
198 2994.75
199 2994.35